 0 0 0 0 0 0 0 0 0 0 0 0 0 0 0 0 0 0 0 0 0 0 0 0 0 0 0 0 0 0 0 0 0 0 0 0 0 0 0 0 0 0 0 0 0 0 0 0 0 0 0
 0 0.00678612 0.0135085 0.020094 0.0264492 0.0324533 0.0379527 0.0427665 0.0466994 0.0495675 0.051238 0.0516656 0.0509046 0.0490968 0.0464328 0.0431171 0.0393362 0.0352435 0.0309602 0.0265716 0.0221344 0.0176874 0.0132466 0.0088192 0.00440688 -4.56265e-17 -0.00440688 -0.0088192 -0.0132466 -0.0176874 -0.0221344 -0.0265716 -0.0309602 -0.0352435 -0.0393362 -0.0431171 -0.0464328 -0.0490968 -0.0509046 -0.0516656 -0.051238 -0.0495675 -0.0466994 -0.0427665 -0.0379527 -0.0324533 -0.0264492 -0.020094 -0.0135085 -0.00678612 0
 0 0.0136352 0.0271529 0.0404183 0.0532499 0.0654102 0.0765904 0.0864151 0.094463 0.100332 0.10372 0.104519 0.102857 0.09905 0.0935185 0.0866998 0.0789815 0.0706789 0.0620257 0.0531896 0.0442827 0.0353673 0.0264785 0.0176258 0.0088035 7.19009e-17 -0.0088035 -0.0176258 -0.0264785 -0.0353673 -0.0442827 -0.0531896 -0.0620257 -0.0706789 -0.0789815 -0.0866998 -0.0935185 -0.09905 -0.102857 -0.104519 -0.10372 -0.100332 -0.094463 -0.0864151 -0.0765904 -0.0654102 -0.0532499 -0.0404183 -0.0271529 -0.0136352 0
 0 0.0206012 0.0410532 0.0611743 0.0807205 0.0993452 0.116585 0.131837 0.144405 0.153578 0.15879 0.159836 0.156952 0.150726 0.141895 0.131184 0.119214 0.106462 0.0932734 0.0798818 0.0664357 0.0530218 0.0396739 0.0263982 0.0131832 4.75158e-17 -0.0131832 -0.0263982 -0.0396739 -0.0530218 -0.0664357 -0.0798818 -0.0932734 -0.106462 -0.119214 -0.131184 -0.141895 -0.150726 -0.156952 -0.159836 -0.15879 -0.153578 -0.144405 -0.131837 -0.116585 -0.0993452 -0.0807205 -0.0611743 -0.0410532 -0.0206012 0
 0 0.0277165 0.0552822 0.0825101 0.109113 0.134669 0.158562 0.179945 0.197744 0.210777 0.218031 0.219078 0.214388 0.205005 0.192149 0.176931 0.160229 0.142683 0.124721 0.106626 0.0885601 0.0706078 0.0527952 0.0351127 0.0175301 -1.49756e-17 -0.0175301 -0.0351127 -0.0527952 -0.0706078 -0.0885601 -0.106626 -0.124721 -0.142683 -0.160229 -0.176931 -0.192149 -0.205005 -0.214388 -0.219078 -0.218031 -0.210777 -0.197744 -0.179945 -0.158562 -0.134669 -0.109113 -0.0825101 -0.0552822 -0.0277165 0
 0 0.0349803 0.0698563 0.104468 0.138552 0.171654 0.203052 0.231634 0.255848 0.273758 0.283469 0.284066 0.276512 0.262751 0.244767 0.224165 0.202093 0.179314 0.156305 0.133341 0.110571 0.0880534 0.0657848 0.043729 0.0218248 5.52888e-17 -0.0218248 -0.043729 -0.0657848 -0.0880534 -0.110571 -0.133341 -0.156305 -0.179314 -0.202093 -0.224165 -0.244767 -0.262751 -0.276512 -0.284066 -0.283469 -0.273758 -0.255848 -0.231634 -0.203052 -0.171654 -0.138552 -0.104468 -0.0698563 -0.0349803 0
 0 0.0423525 0.0846894 0.126958 0.168971 0.210349 0.250353 0.287693 0.320256 0.344934 0.358028 0.357196 0.344842 0.324722 0.300006 0.272869 0.244663 0.216177 0.187839 0.159864 0.132333 0.10525 0.0785634 0.0521914 0.0260399 -5.0283e-17 -0.0260399 -0.0521914 -0.0785634 -0.10525 -0.132333 -0.159864 -0.187839 -0.216177 -0.244663 -0.272869 -0.300006 -0.324722 -0.344842 -0.357196 -0.358028 -0.344934 -0.320256 -0.287693 -0.250353 -0.210349 -0.168971 -0.126958 -0.0846894 -0.0423525 0
 0 0.0497334 0.0996007 0.149696 0.200028 0.25041 0.300318 0.348531 0.392552 0.427697 0.446506 0.441854 0.420938 0.391287 0.357666 0.322646 0.287519 0.252889 0.21901 0.18594 0.15365 0.12205 0.0910236 0.0604364 0.0301435 -1.5266e-16 -0.0301435 -0.0604364 -0.0910236 -0.12205 -0.15365 -0.18594 -0.21901 -0.252889 -0.287519 -0.322646 -0.357666 -0.391287 -0.420938 -0.441854 -0.446506 -0.427697 -0.392552 -0.348531 -0.300318 -0.25041 -0.200028 -0.149696 -0.0996007 -0.0497334 0
 0 0.056982 0.11428 0.172203 0.231026 0.290951 0.351974 0.413558 0.473729 0.526796 0.558443 0.542773 0.505767 0.461826 0.416725 0.372532 0.329875 0.288854 0.249365 0.211238 0.174276 0.138279 0.103047 0.0683829 0.034098 -1.65816e-16 -0.034098 -0.0683829 -0.103047 -0.138279 -0.174276 -0.211238 -0.249365 -0.288854 -0.329875 -0.372532 -0.416725 -0.461826 -0.505767 -0.542773 -0.558443 -0.526796 -0.473729 -0.413558 -0.351974 -0.290951 -0.231026 -0.172203 -0.11428 -0.056982 0
 0 0.0639146 0.128338 0.193808 0.260925 0.330388 0.403072 0.479997 0.562012 0.647313 0.717697 0.665026 0.597535 0.533519 0.474882 0.420882 0.370599 0.323285 0.27836 0.23537 0.193937 0.153741 0.1145 0.075955 0.0378631 -1.45587e-16 -0.0378631 -0.075955 -0.1145 -0.153741 -0.193937 -0.23537 -0.27836 -0.323285 -0.370599 -0.420882 -0.474882 -0.533519 -0.597535 -0.665026 -0.717697 -0.647313 -0.562012 -0.479997 -0.403072 -0.330388 -0.260925 -0.193808 -0.128338 -0.0639146 0
 0 0.0703379 0.14135 0.213769 0.288471 0.366615 0.449923 0.54135 0.64701 0.782746 1 0.802101 0.685827 0.599838 0.528401 0.465517 0.408354 0.355325 0.305423 0.257944 0.212362 0.168251 0.125257 0.0830674 0.0414051 2.53944e-18 -0.0414051 -0.0830674 -0.125257 -0.168251 -0.212362 -0.257944 -0.305423 -0.355325 -0.408354 -0.465517 -0.528401 -0.599838 -0.685827 -0.802101 -1 -0.782746 -0.64701 -0.54135 -0.449923 -0.366615 -0.288471 -0.213769 -0.14135 -0.0703379 0
 0 0.0760894 0.152954 0.231445 0.312576 0.397676 0.488658 0.588468 0.701933 0.836655 1 0.85755 0.743834 0.651604 0.573369 0.504432 0.441973 0.384241 0.330062 0.278626 0.229315 0.181642 0.135207 0.0896597 0.0446868 -1.40023e-17 -0.0446868 -0.0896597 -0.135207 -0.181642 -0.229315 -0.278626 -0.330062 -0.384241 -0.441973 -0.504432 -0.573369 -0.651604 -0.743834 -0.85755 -1 -0.836655 -0.701933 -0.588468 -0.488658 -0.397676 -0.312576 -0.231445 -0.152954 -0.0760894 0
 0 0.0810652 0.162936 0.246481 0.332707 0.422863 0.518562 0.621933 0.735593 0.861942 1 0.884264 0.780357 0.689372 0.609039 0.536865 0.470871 0.409593 0.351966 0.297184 0.244629 0.193797 0.144267 0.0956729 0.0476872 1.32121e-17 -0.0476872 -0.0956729 -0.144267 -0.193797 -0.244629 -0.297184 -0.351966 -0.409593 -0.470871 -0.536865 -0.609039 -0.689372 -0.780357 -0.884264 -1 -0.861942 -0.735593 -0.621933 -0.518562 -0.422863 -0.332707 -0.246481 -0.162936 -0.0810652 0
 0 0.0852356 0.171243 0.258833 0.34891 0.442499 0.5408 0.645101 0.756572 0.875517 1 0.89915 0.803956 0.716487 0.636551 0.563124 0.495049 0.431301 0.371019 0.313518 0.258221 0.204649 0.152392 0.101082 0.0503876 -2.03079e-17 -0.0503876 -0.101082 -0.152392 -0.204649 -0.258221 -0.313518 -0.371019 -0.431301 -0.495049 -0.563124 -0.636551 -0.716487 -0.803956 -0.89915 -1 -0.875517 -0.756572 -0.645101 -0.5408 -0.442499 -0.34891 -0.258833 -0.171243 -0.0852356 0
 0 0.0886364 0.177966 0.268701 0.361591 0.457434 0.557031 0.661111 0.770061 0.883556 1 0.908378 0.819829 0.736069 0.657556 0.584026 0.514903 0.449533 0.387301 0.327647 0.270088 0.214189 0.159567 0.105874 0.0527874 -1.27629e-16 -0.0527874 -0.105874 -0.159567 -0.214189 -0.270088 -0.327647 -0.387301 -0.449533 -0.514903 -0.584026 -0.657556 -0.736069 -0.819829 -0.908378 -1 -0.883556 -0.770061 -0.661111 -0.557031 -0.457434 -0.361591 -0.268701 -0.177966 -0.0886364 0
 0 0.0913433 0.183283 0.276409 0.371325 0.468609 0.568792 0.672239 0.779013 0.888643 1 0.914535 0.830913 0.7504 0.67358 0.600524 0.530998 0.464632 0.400998 0.339688 0.280295 0.222453 0.165816 0.110062 0.0548862 -8.83254e-17 -0.0548862 -0.110062 -0.165816 -0.222453 -0.280295 -0.339688 -0.400998 -0.464632 -0.530998 -0.600524 -0.67358 -0.7504 -0.830913 -0.914535 -1 -0.888643 -0.779013 -0.672239 -0.568792 -0.468609 -0.371325 -0.276409 -0.183283 -0.0913433 0
 0 0.0934596 0.187409 0.282331 0.378685 0.476894 0.577288 0.680049 0.785094 0.89201 1 0.918847 0.838889 0.761042 0.68584 0.613486 0.543936 0.476991 0.412383 0.349807 0.288954 0.22951 0.171178 0.113667 0.0566988 -1.28512e-17 -0.0566988 -0.113667 -0.171178 -0.22951 -0.288954 -0.349807 -0.412383 -0.476991 -0.543936 -0.613486 -0.68584 -0.761042 -0.838889 -0.918847 -1 -0.89201 -0.785094 -0.680049 -0.577288 -0.476894 -0.378685 -0.282331 -0.187409 -0.0934596 0
 0 0.0950841 0.190563 0.286815 0.384192 0.48299 0.583424 0.685567 0.789309 0.894301 1 0.921969 0.844756 0.769036 0.695256 0.62365 0.554263 0.487014 0.421731 0.35821 0.296202 0.235458 0.17572 0.11673 0.058239 -7.27179e-17 -0.058239 -0.11673 -0.17572 -0.235458 -0.296202 -0.35821 -0.421731 -0.487014 -0.554263 -0.62365 -0.695256 -0.769036 -0.844756 -0.921969 -1 -0.894301 -0.789309 -0.685567 -0.583424 -0.48299 -0.384192 -0.286815 -0.190563 -0.0950841 0
 0 0.0963154 0.192943 0.290175 0.388275 0.487456 0.587851 0.689493 0.792258 0.895892 1 0.924275 0.849136 0.775091 0.7025 0.631592 0.562456 0.495065 0.429328 0.365095 0.302188 0.240397 0.179507 0.119292 0.059532 -1.16567e-16 -0.059532 -0.119292 -0.179507 -0.240397 -0.302188 -0.365095 -0.429328 -0.495065 -0.562456 -0.631592 -0.7025 -0.775091 -0.849136 -0.924275 -1 -0.895892 -0.792258 -0.689493 -0.587851 -0.487456 -0.388275 -0.290175 -0.192943 -0.0963154 0
 0 0.0972355 0.194713 0.292662 0.391276 0.490705 0.591042 0.692288 0.794345 0.897005 1 0.925995 0.852431 0.779688 0.708068 0.637769 0.568897 0.501464 0.435416 0.370661 0.307057 0.244436 0.182617 0.121402 0.0605952 -4.5966e-17 -0.0605952 -0.121402 -0.182617 -0.244436 -0.307057 -0.370661 -0.435416 -0.501464 -0.568897 -0.637769 -0.708068 -0.779688 -0.852431 -0.925995 -1 -0.897005 -0.794345 -0.692288 -0.591042 -0.490705 -0.391276 -0.292662 -0.194713 -0.0972355 0
 0 0.0979134 0.196017 0.294481 0.393459 0.493055 0.593328 0.694278 0.795814 0.897789 1 0.927282 0.854901 0.783166 0.712309 0.64252 0.573898 0.50647 0.44022 0.375079 0.310942 0.247672 0.185116 0.123101 0.0614571 -1.68859e-16 -0.0614571 -0.123101 -0.185116 -0.247672 -0.310942 -0.375079 -0.44022 -0.50647 -0.573898 -0.64252 -0.712309 -0.783166 -0.854901 -0.927282 -1 -0.897789 -0.795814 -0.694278 -0.593328 -0.493055 -0.393459 -0.294481 -0.196017 -0.0979134 0
 0 0.098402 0.196954 0.295791 0.39502 0.494724 0.594947 0.695677 0.796849 0.898335 1 0.92823 0.856736 0.785754 0.715494 0.646107 0.577697 0.510302 0.443913 0.378495 0.31396 0.250198 0.187071 0.124434 0.0621295 1.88943e-17 -0.0621295 -0.124434 -0.187071 -0.250198 -0.31396 -0.378495 -0.443913 -0.510302 -0.577697 -0.646107 -0.715494 -0.785754 -0.856736 -0.92823 -1 -0.898335 -0.796849 -0.695677 -0.594947 -0.494724 -0.39502 -0.295791 -0.196954 -0.098402 0
 0 0.098746 0.197613 0.296702 0.396106 0.495883 0.596062 0.69664 0.797551 0.898709 1 0.928914 0.858051 0.787625 0.717797 0.648719 0.580479 0.513118 0.446646 0.381032 0.31621 0.252081 0.188533 0.125431 0.0626383 -8.57735e-17 -0.0626383 -0.125431 -0.188533 -0.252081 -0.31621 -0.381032 -0.446646 -0.513118 -0.580479 -0.648719 -0.717797 -0.787625 -0.858051 -0.928914 -1 -0.898709 -0.797551 -0.69664 -0.596062 -0.495883 -0.396106 -0.296702 -0.197613 -0.098746 0
 0 0.0989707 0.198041 0.297302 0.396814 0.496634 0.596788 0.697263 0.79801 0.89895 1 0.929371 0.85894 0.788884 0.719361 0.650495 0.582374 0.515048 0.448521 0.382778 0.317762 0.253387 0.189549 0.126126 0.0629878 -2.50269e-16 -0.0629878 -0.126126 -0.189549 -0.253387 -0.317762 -0.382778 -0.448521 -0.515048 -0.582374 -0.650495 -0.719361 -0.788884 -0.85894 -0.929371 -1 -0.89895 -0.79801 -0.697263 -0.596788 -0.496634 -0.396814 -0.297302 -0.198041 -0.0989707 0
 0 0.0990989 0.198289 0.297638 0.397216 0.497061 0.597195 0.697613 0.798263 0.899084 1 0.929636 0.859451 0.789614 0.720262 0.651522 0.583479 0.516171 0.449619 0.383802 0.318672 0.254152 0.190143 0.126532 0.0631959 1.862e-16 -0.0631959 -0.126532 -0.190143 -0.254152 -0.318672 -0.383802 -0.449619 -0.516171 -0.583479 -0.651522 -0.720262 -0.789614 -0.859451 -0.929636 -1 -0.899084 -0.798263 -0.697613 -0.597195 -0.497061 -0.397216 -0.297638 -0.198289 -0.0990989 0
 0 0.0991404 0.198365 0.297749 0.397343 0.497196 0.597327 0.697726 0.798348 0.899128 1 0.929721 0.859618 0.789851 0.720561 0.651862 0.58384 0.516542 0.449977 0.384138 0.318972 0.254404 0.190342 0.126668 0.0632621 1.15322e-16 -0.0632621 -0.126668 -0.190342 -0.254404 -0.318972 -0.384138 -0.449977 -0.516542 -0.58384 -0.651862 -0.720561 -0.789851 -0.859618 -0.929721 -1 -0.899128 -0.798348 -0.697726 -0.597327 -0.497196 -0.397343 -0.297749 -0.198365 -0.0991404 0
 0 0.0990989 0.198289 0.297638 0.397216 0.497061 0.597195 0.697613 0.798263 0.899084 1 0.929636 0.859451 0.789614 0.720262 0.651522 0.583479 0.516171 0.449619 0.383802 0.318672 0.254152 0.190143 0.126532 0.0631959 1.862e-16 -0.0631959 -0.126532 -0.190143 -0.254152 -0.318672 -0.383802 -0.449619 -0.516171 -0.583479 -0.651522 -0.720262 -0.789614 -0.859451 -0.929636 -1 -0.899084 -0.798263 -0.697613 -0.597195 -0.497061 -0.397216 -0.297638 -0.198289 -0.0990989 0
 0 0.0989707 0.198041 0.297302 0.396814 0.496634 0.596788 0.697263 0.79801 0.89895 1 0.929371 0.85894 0.788884 0.719361 0.650495 0.582374 0.515048 0.448521 0.382778 0.317762 0.253387 0.189549 0.126126 0.0629878 -2.50269e-16 -0.0629878 -0.126126 -0.189549 -0.253387 -0.317762 -0.382778 -0.448521 -0.515048 -0.582374 -0.650495 -0.719361 -0.788884 -0.85894 -0.929371 -1 -0.89895 -0.79801 -0.697263 -0.596788 -0.496634 -0.396814 -0.297302 -0.198041 -0.0989707 0
 0 0.098746 0.197613 0.296702 0.396106 0.495883 0.596062 0.69664 0.797551 0.898709 1 0.928914 0.858051 0.787625 0.717797 0.648719 0.580479 0.513118 0.446646 0.381032 0.31621 0.252081 0.188533 0.125431 0.0626383 -8.57735e-17 -0.0626383 -0.125431 -0.188533 -0.252081 -0.31621 -0.381032 -0.446646 -0.513118 -0.580479 -0.648719 -0.717797 -0.787625 -0.858051 -0.928914 -1 -0.898709 -0.797551 -0.69664 -0.596062 -0.495883 -0.396106 -0.296702 -0.197613 -0.098746 0
 0 0.098402 0.196954 0.295791 0.39502 0.494724 0.594947 0.695677 0.796849 0.898335 1 0.92823 0.856736 0.785754 0.715494 0.646107 0.577697 0.510302 0.443913 0.378495 0.31396 0.250198 0.187071 0.124434 0.0621295 1.88943e-17 -0.0621295 -0.124434 -0.187071 -0.250198 -0.31396 -0.378495 -0.443913 -0.510302 -0.577697 -0.646107 -0.715494 -0.785754 -0.856736 -0.92823 -1 -0.898335 -0.796849 -0.695677 -0.594947 -0.494724 -0.39502 -0.295791 -0.196954 -0.098402 0
 0 0.0979134 0.196017 0.294481 0.393459 0.493055 0.593328 0.694278 0.795814 0.897789 1 0.927282 0.854901 0.783166 0.712309 0.64252 0.573898 0.50647 0.44022 0.375079 0.310942 0.247672 0.185116 0.123101 0.0614571 -1.68859e-16 -0.0614571 -0.123101 -0.185116 -0.247672 -0.310942 -0.375079 -0.44022 -0.50647 -0.573898 -0.64252 -0.712309 -0.783166 -0.854901 -0.927282 -1 -0.897789 -0.795814 -0.694278 -0.593328 -0.493055 -0.393459 -0.294481 -0.196017 -0.0979134 0
 0 0.0972355 0.194713 0.292662 0.391276 0.490705 0.591042 0.692288 0.794345 0.897005 1 0.925995 0.852431 0.779688 0.708068 0.637769 0.568897 0.501464 0.435416 0.370661 0.307057 0.244436 0.182617 0.121402 0.0605952 -4.5966e-17 -0.0605952 -0.121402 -0.182617 -0.244436 -0.307057 -0.370661 -0.435416 -0.501464 -0.568897 -0.637769 -0.708068 -0.779688 -0.852431 -0.925995 -1 -0.897005 -0.794345 -0.692288 -0.591042 -0.490705 -0.391276 -0.292662 -0.194713 -0.0972355 0
 0 0.0963154 0.192943 0.290175 0.388275 0.487456 0.587851 0.689493 0.792258 0.895892 1 0.924275 0.849136 0.775091 0.7025 0.631592 0.562456 0.495065 0.429328 0.365095 0.302188 0.240397 0.179507 0.119292 0.059532 -1.16567e-16 -0.059532 -0.119292 -0.179507 -0.240397 -0.302188 -0.365095 -0.429328 -0.495065 -0.562456 -0.631592 -0.7025 -0.775091 -0.849136 -0.924275 -1 -0.895892 -0.792258 -0.689493 -0.587851 -0.487456 -0.388275 -0.290175 -0.192943 -0.0963154 0
 0 0.0950841 0.190563 0.286815 0.384192 0.48299 0.583424 0.685567 0.789309 0.894301 1 0.921969 0.844756 0.769036 0.695256 0.62365 0.554263 0.487014 0.421731 0.35821 0.296202 0.235458 0.17572 0.11673 0.058239 -7.27179e-17 -0.058239 -0.11673 -0.17572 -0.235458 -0.296202 -0.35821 -0.421731 -0.487014 -0.554263 -0.62365 -0.695256 -0.769036 -0.844756 -0.921969 -1 -0.894301 -0.789309 -0.685567 -0.583424 -0.48299 -0.384192 -0.286815 -0.190563 -0.0950841 0
 0 0.0934596 0.187409 0.282331 0.378685 0.476894 0.577288 0.680049 0.785094 0.89201 1 0.918847 0.838889 0.761042 0.68584 0.613486 0.543936 0.476991 0.412383 0.349807 0.288954 0.22951 0.171178 0.113667 0.0566988 -1.28512e-17 -0.0566988 -0.113667 -0.171178 -0.22951 -0.288954 -0.349807 -0.412383 -0.476991 -0.543936 -0.613486 -0.68584 -0.761042 -0.838889 -0.918847 -1 -0.89201 -0.785094 -0.680049 -0.577288 -0.476894 -0.378685 -0.282331 -0.187409 -0.0934596 0
 0 0.0913433 0.183283 0.276409 0.371325 0.468609 0.568792 0.672239 0.779013 0.888643 1 0.914535 0.830913 0.7504 0.67358 0.600524 0.530998 0.464632 0.400998 0.339688 0.280295 0.222453 0.165816 0.110062 0.0548862 -8.83254e-17 -0.0548862 -0.110062 -0.165816 -0.222453 -0.280295 -0.339688 -0.400998 -0.464632 -0.530998 -0.600524 -0.67358 -0.7504 -0.830913 -0.914535 -1 -0.888643 -0.779013 -0.672239 -0.568792 -0.468609 -0.371325 -0.276409 -0.183283 -0.0913433 0
 0 0.0886364 0.177966 0.268701 0.361591 0.457434 0.557031 0.661111 0.770061 0.883556 1 0.908378 0.819829 0.736069 0.657556 0.584026 0.514903 0.449533 0.387301 0.327647 0.270088 0.214189 0.159567 0.105874 0.0527874 -1.27629e-16 -0.0527874 -0.105874 -0.159567 -0.214189 -0.270088 -0.327647 -0.387301 -0.449533 -0.514903 -0.584026 -0.657556 -0.736069 -0.819829 -0.908378 -1 -0.883556 -0.770061 -0.661111 -0.557031 -0.457434 -0.361591 -0.268701 -0.177966 -0.0886364 0
 0 0.0852356 0.171243 0.258833 0.34891 0.442499 0.5408 0.645101 0.756572 0.875517 1 0.89915 0.803956 0.716487 0.636551 0.563124 0.495049 0.431301 0.371019 0.313518 0.258221 0.204649 0.152392 0.101082 0.0503876 -2.03079e-17 -0.0503876 -0.101082 -0.152392 -0.204649 -0.258221 -0.313518 -0.371019 -0.431301 -0.495049 -0.563124 -0.636551 -0.716487 -0.803956 -0.89915 -1 -0.875517 -0.756572 -0.645101 -0.5408 -0.442499 -0.34891 -0.258833 -0.171243 -0.0852356 0
 0 0.0810652 0.162936 0.246481 0.332707 0.422863 0.518562 0.621933 0.735593 0.861942 1 0.884264 0.780357 0.689372 0.609039 0.536865 0.470871 0.409593 0.351966 0.297184 0.244629 0.193797 0.144267 0.0956729 0.0476872 1.32121e-17 -0.0476872 -0.0956729 -0.144267 -0.193797 -0.244629 -0.297184 -0.351966 -0.409593 -0.470871 -0.536865 -0.609039 -0.689372 -0.780357 -0.884264 -1 -0.861942 -0.735593 -0.621933 -0.518562 -0.422863 -0.332707 -0.246481 -0.162936 -0.0810652 0
 0 0.0760894 0.152954 0.231445 0.312576 0.397676 0.488658 0.588468 0.701933 0.836655 1 0.85755 0.743834 0.651604 0.573369 0.504432 0.441973 0.384241 0.330062 0.278626 0.229315 0.181642 0.135207 0.0896597 0.0446868 -1.40023e-17 -0.0446868 -0.0896597 -0.135207 -0.181642 -0.229315 -0.278626 -0.330062 -0.384241 -0.441973 -0.504432 -0.573369 -0.651604 -0.743834 -0.85755 -1 -0.836655 -0.701933 -0.588468 -0.488658 -0.397676 -0.312576 -0.231445 -0.152954 -0.0760894 0
 0 0.0703379 0.14135 0.213769 0.288471 0.366615 0.449923 0.54135 0.64701 0.782746 1 0.802101 0.685827 0.599838 0.528401 0.465517 0.408354 0.355325 0.305423 0.257944 0.212362 0.168251 0.125257 0.0830674 0.0414051 2.53944e-18 -0.0414051 -0.0830674 -0.125257 -0.168251 -0.212362 -0.257944 -0.305423 -0.355325 -0.408354 -0.465517 -0.528401 -0.599838 -0.685827 -0.802101 -1 -0.782746 -0.64701 -0.54135 -0.449923 -0.366615 -0.288471 -0.213769 -0.14135 -0.0703379 0
 0 0.0639146 0.128338 0.193808 0.260925 0.330388 0.403072 0.479997 0.562012 0.647313 0.717697 0.665026 0.597535 0.533519 0.474882 0.420882 0.370599 0.323285 0.27836 0.23537 0.193937 0.153741 0.1145 0.075955 0.0378631 -1.45587e-16 -0.0378631 -0.075955 -0.1145 -0.153741 -0.193937 -0.23537 -0.27836 -0.323285 -0.370599 -0.420882 -0.474882 -0.533519 -0.597535 -0.665026 -0.717697 -0.647313 -0.562012 -0.479997 -0.403072 -0.330388 -0.260925 -0.193808 -0.128338 -0.0639146 0
 0 0.056982 0.11428 0.172203 0.231026 0.290951 0.351974 0.413558 0.473729 0.526796 0.558443 0.542773 0.505767 0.461826 0.416725 0.372532 0.329875 0.288854 0.249365 0.211238 0.174276 0.138279 0.103047 0.0683829 0.034098 -1.65816e-16 -0.034098 -0.0683829 -0.103047 -0.138279 -0.174276 -0.211238 -0.249365 -0.288854 -0.329875 -0.372532 -0.416725 -0.461826 -0.505767 -0.542773 -0.558443 -0.526796 -0.473729 -0.413558 -0.351974 -0.290951 -0.231026 -0.172203 -0.11428 -0.056982 0
 0 0.0497334 0.0996007 0.149696 0.200028 0.25041 0.300318 0.348531 0.392552 0.427697 0.446506 0.441854 0.420938 0.391287 0.357666 0.322646 0.287519 0.252889 0.21901 0.18594 0.15365 0.12205 0.0910236 0.0604364 0.0301435 -1.5266e-16 -0.0301435 -0.0604364 -0.0910236 -0.12205 -0.15365 -0.18594 -0.21901 -0.252889 -0.287519 -0.322646 -0.357666 -0.391287 -0.420938 -0.441854 -0.446506 -0.427697 -0.392552 -0.348531 -0.300318 -0.25041 -0.200028 -0.149696 -0.0996007 -0.0497334 0
 0 0.0423525 0.0846894 0.126958 0.168971 0.210349 0.250353 0.287693 0.320256 0.344934 0.358028 0.357196 0.344842 0.324722 0.300006 0.272869 0.244663 0.216177 0.187839 0.159864 0.132333 0.10525 0.0785634 0.0521914 0.0260399 -5.0283e-17 -0.0260399 -0.0521914 -0.0785634 -0.10525 -0.132333 -0.159864 -0.187839 -0.216177 -0.244663 -0.272869 -0.300006 -0.324722 -0.344842 -0.357196 -0.358028 -0.344934 -0.320256 -0.287693 -0.250353 -0.210349 -0.168971 -0.126958 -0.0846894 -0.0423525 0
 0 0.0349803 0.0698563 0.104468 0.138552 0.171654 0.203052 0.231634 0.255848 0.273758 0.283469 0.284066 0.276512 0.262751 0.244767 0.224165 0.202093 0.179314 0.156305 0.133341 0.110571 0.0880534 0.0657848 0.043729 0.0218248 5.52888e-17 -0.0218248 -0.043729 -0.0657848 -0.0880534 -0.110571 -0.133341 -0.156305 -0.179314 -0.202093 -0.224165 -0.244767 -0.262751 -0.276512 -0.284066 -0.283469 -0.273758 -0.255848 -0.231634 -0.203052 -0.171654 -0.138552 -0.104468 -0.0698563 -0.0349803 0
 0 0.0277165 0.0552822 0.0825101 0.109113 0.134669 0.158562 0.179945 0.197744 0.210777 0.218031 0.219078 0.214388 0.205005 0.192149 0.176931 0.160229 0.142683 0.124721 0.106626 0.0885601 0.0706078 0.0527952 0.0351127 0.0175301 -1.49756e-17 -0.0175301 -0.0351127 -0.0527952 -0.0706078 -0.0885601 -0.106626 -0.124721 -0.142683 -0.160229 -0.176931 -0.192149 -0.205005 -0.214388 -0.219078 -0.218031 -0.210777 -0.197744 -0.179945 -0.158562 -0.134669 -0.109113 -0.0825101 -0.0552822 -0.0277165 0
 0 0.0206012 0.0410532 0.0611743 0.0807205 0.0993452 0.116585 0.131837 0.144405 0.153578 0.15879 0.159836 0.156952 0.150726 0.141895 0.131184 0.119214 0.106462 0.0932734 0.0798818 0.0664357 0.0530218 0.0396739 0.0263982 0.0131832 4.75158e-17 -0.0131832 -0.0263982 -0.0396739 -0.0530218 -0.0664357 -0.0798818 -0.0932734 -0.106462 -0.119214 -0.131184 -0.141895 -0.150726 -0.156952 -0.159836 -0.15879 -0.153578 -0.144405 -0.131837 -0.116585 -0.0993452 -0.0807205 -0.0611743 -0.0410532 -0.0206012 0
 0 0.0136352 0.0271529 0.0404183 0.0532499 0.0654102 0.0765904 0.0864151 0.094463 0.100332 0.10372 0.104519 0.102857 0.09905 0.0935185 0.0866998 0.0789815 0.0706789 0.0620257 0.0531896 0.0442827 0.0353673 0.0264785 0.0176258 0.0088035 7.19009e-17 -0.0088035 -0.0176258 -0.0264785 -0.0353673 -0.0442827 -0.0531896 -0.0620257 -0.0706789 -0.0789815 -0.0866998 -0.0935185 -0.09905 -0.102857 -0.104519 -0.10372 -0.100332 -0.094463 -0.0864151 -0.0765904 -0.0654102 -0.0532499 -0.0404183 -0.0271529 -0.0136352 0
 0 0.00678612 0.0135085 0.020094 0.0264492 0.0324533 0.0379527 0.0427665 0.0466994 0.0495675 0.051238 0.0516656 0.0509046 0.0490968 0.0464328 0.0431171 0.0393362 0.0352435 0.0309602 0.0265716 0.0221344 0.0176874 0.0132466 0.0088192 0.00440688 -4.56265e-17 -0.00440688 -0.0088192 -0.0132466 -0.0176874 -0.0221344 -0.0265716 -0.0309602 -0.0352435 -0.0393362 -0.0431171 -0.0464328 -0.0490968 -0.0509046 -0.0516656 -0.051238 -0.0495675 -0.0466994 -0.0427665 -0.0379527 -0.0324533 -0.0264492 -0.020094 -0.0135085 -0.00678612 0
 0 0 0 0 0 0 0 0 0 0 0 0 0 0 0 0 0 0 0 0 0 0 0 0 0 0 0 0 0 0 0 0 0 0 0 0 0 0 0 0 0 0 0 0 0 0 0 0 0 0 0
